10.016527,-30.809193,14.052862,18.328122,29.850265,18.669033,16.283250,16.416558,13.147044,12.371914,7.848025,-7.828248,-4.152809,-4.692991,-8.932172,-3.173214,-0.462977,-0.241652,0.340297,-1.037464,-3.090967,-0.336570,-0.240842,-0.051691,0.053869,0.000000
9.968884,-31.965770,13.145372,20.930174,30.438701,21.559659,16.550291,14.500395,11.133633,11.946945,12.919902,-2.273883,-1.300108,-7.415656,-11.405561,-6.101820,-3.312968,-3.282150,-2.226659,-3.539247,-4.123973,-0.628150,-0.428459,0.169485,0.210646,0.000000
9.972515,-31.153479,13.937263,21.364921,28.719052,17.227015,15.913223,14.013205,13.456062,16.681220,18.996264,0.749164,-5.948389,-9.692944,-15.293738,-7.106069,-2.451097,-3.457685,-3.033978,-4.578885,-4.666754,-0.885552,-0.374875,0.196619,0.211036,0.000000
9.988488,-30.441156,13.694251,19.203893,28.991510,18.056319,23.573098,18.846725,19.808664,20.567295,17.228479,-6.757680,-10.695264,-8.287016,-11.277094,-4.903946,-2.274754,-3.828357,-3.084526,-2.647051,-2.653373,-0.529913,-0.558138,0.218700,0.719288,0.000000
9.992705,-30.461892,12.212443,13.358992,24.832606,16.403418,19.643582,15.492484,16.063955,17.215285,13.387669,-5.980207,-4.784531,-6.404919,-9.423936,-6.742646,-2.289483,-2.256280,-3.036119,-2.492739,-2.378985,-1.002727,-0.726508,0.054609,0.384841,0.000000
10.026305,-31.606435,10.176015,8.285419,22.096767,20.177844,20.385846,13.550685,13.323816,11.879006,7.959304,-5.123330,1.389388,2.840613,-1.864616,-3.126846,-3.886303,-4.885679,-4.906441,-4.271760,-2.960106,0.028911,-0.142282,-0.129079,-0.433084,0.000000
10.160372,-30.755447,10.571025,6.093819,21.508385,18.968129,15.379740,7.474051,9.844899,10.075804,4.460561,-0.610021,5.027714,5.543140,-4.123494,-3.272922,-3.232528,-4.059406,-2.066346,-2.887347,-1.426826,0.333405,-0.370381,0.364534,0.486544,0.000000
10.198000,-29.875491,13.138623,12.278029,29.167192,24.317741,20.097660,19.180495,15.734672,15.111824,14.503721,6.234665,7.756673,2.935627,-11.172463,-7.233401,-7.574820,-7.902467,-4.953165,-4.434250,-2.037789,0.753391,-0.085912,0.166231,-0.328782,0.000000
10.048005,-26.525878,16.675053,18.249480,28.228488,18.345393,15.873030,14.406118,9.360072,5.316073,9.039033,-7.933999,-0.704058,-0.069716,-4.799102,0.733657,-5.219131,-4.426123,-0.511976,-1.042771,-1.726320,0.339145,-0.401366,0.324299,1.312323,0.000000
9.961895,-28.970140,13.642579,16.453800,25.154614,18.252186,19.980145,15.277695,16.591980,20.335715,13.669038,-4.492795,-0.412945,-3.747958,-8.865287,-5.566504,-11.180800,-7.975153,-0.221669,-2.028359,-1.760091,-0.213974,-0.494035,0.214814,0.421950,0.000000
10.018995,-26.362259,18.112220,19.933361,29.715761,24.621789,23.691149,13.326489,10.789071,17.806964,7.262772,-7.576323,6.208253,1.011389,-12.446065,-6.363639,-3.508997,-3.230000,0.680272,-1.399084,-1.098089,1.252288,-0.233386,0.245343,0.605886,0.000000
10.033672,-22.850452,20.766322,20.486722,26.879747,13.483999,17.652453,13.775303,3.732963,4.929178,4.630494,-9.794783,5.637555,3.202855,-9.648789,-4.530018,1.958106,0.083686,-1.165325,-1.933597,-2.615799,0.754451,0.056220,0.187715,1.175083,0.000000
10.147229,-23.481129,20.638898,21.847449,25.313094,10.570046,14.514361,15.197549,3.394343,1.012764,8.772709,1.473685,1.950959,2.449518,-5.983031,-7.200441,-4.516786,-5.139484,-4.157665,-1.972247,-2.451556,0.173332,0.221963,0.084769,0.625050,0.000000
10.404746,-24.503086,19.994712,20.340506,25.323169,14.786676,18.717506,25.531303,14.190292,7.826559,11.219425,3.675429,-2.213876,1.948795,-9.302513,-12.271254,-4.405954,-5.093830,-3.081450,-2.041122,-1.692897,0.044646,0.267371,-0.029504,0.375804,0.000000
10.361189,-24.800748,20.954409,19.240868,23.570113,12.910411,13.190687,17.682200,4.260540,3.756045,9.312811,2.012622,1.196026,7.908178,-3.495376,-7.045531,-1.359068,-4.676793,-4.216142,-2.959415,-2.200490,-0.942337,0.081566,0.107679,0.878526,0.000000
10.338436,-30.683763,17.240913,17.465710,27.441375,17.239338,14.694318,13.732878,3.950306,2.017560,4.063065,-0.105100,1.290316,4.074859,-2.542586,-2.380676,-5.113650,-0.917597,0.003919,0.274208,-2.051832,-1.569023,0.035186,-0.027623,0.359798,0.000000
10.408161,-34.481337,14.426151,15.647958,24.467807,16.441218,17.031023,14.989469,16.915706,13.599167,6.995505,3.244794,-1.225204,-5.592526,1.298619,5.099195,-4.144861,-3.575373,-3.493051,-1.371152,-3.380446,-2.860075,-0.452633,-0.153500,-0.064192,0.000000
10.403285,-34.448426,13.981961,13.129975,17.569513,13.482869,16.914215,14.370436,12.778955,12.799228,13.152264,9.925295,6.651003,-6.468086,-2.661066,1.630884,-2.213021,-3.644570,-1.780478,-0.364465,-1.884246,-2.136294,-0.287569,-0.329936,-0.797194,0.000000
10.278233,-33.398923,13.306158,10.832023,15.683781,10.438724,19.884027,24.210747,14.753855,3.511410,4.058313,2.602854,9.561656,-0.832592,-7.887777,-0.840020,0.381940,1.046817,0.184504,-1.857544,-2.047658,-0.509414,-0.013604,-0.041080,0.056158,0.000000
9.968049,-31.147091,10.376950,8.388974,13.005327,2.366746,15.047457,22.834302,17.588470,7.564038,2.336500,-1.036234,6.652720,0.628542,-10.074567,-2.942107,1.006407,2.485113,0.508161,-0.438049,-1.628520,0.082675,-0.066722,-0.065648,-0.058565,0.000000
9.972060,-34.598378,7.718900,6.964950,14.829227,5.666878,14.770679,24.709122,22.581010,16.517972,15.298963,5.601964,10.128159,4.348408,-5.871667,-5.066713,1.949567,2.461872,-0.520345,-0.925549,-2.336664,-1.363440,-0.474664,0.039672,0.348721,0.000000
9.910304,-34.900027,9.595795,10.009591,18.192071,10.775611,15.158975,18.265982,13.705690,8.465353,14.471288,-0.364762,4.806207,4.064253,-5.564223,-7.374521,-0.009342,1.023339,0.696421,2.032152,0.861815,-0.109952,-0.347512,-0.088116,-0.644705,0.000000
9.807259,-33.200099,9.511278,10.012330,17.323123,13.545846,21.938726,19.126469,13.648673,9.656676,9.210539,-8.131181,2.526797,5.088524,-6.154908,-4.946238,-0.562727,-1.660687,-0.647038,0.554628,-0.345820,-0.632590,-0.934063,0.202363,-0.197198,0.000000
9.949934,-31.860427,12.263123,8.622474,12.446822,12.272963,22.234747,23.399821,18.433503,13.002754,5.857010,-11.155201,-5.040553,-1.788268,-4.914317,-2.514730,0.307210,-1.463974,0.468225,-0.729715,-1.369271,-0.761276,-0.737461,0.339534,0.336903,0.000000
10.168573,-32.699493,14.446215,6.585966,4.895953,7.953886,19.862248,25.444530,20.785262,18.129074,7.937688,-9.885160,-5.494551,-3.129570,-4.722726,-4.026028,-4.688516,-4.867247,-0.747405,-2.203276,-2.788555,-0.851074,-0.197668,0.034055,-0.188722,0.000000
10.225205,-34.820669,11.901757,7.256968,8.957902,11.144698,23.232307,28.363406,20.601652,16.561804,7.853332,-10.763496,-5.505080,-2.606261,-8.064659,-1.861011,1.689666,0.064123,0.262809,-1.734763,-1.707674,0.080390,-0.228508,0.050085,-0.238507,0.000000
10.036193,-32.981963,11.981636,10.493325,16.652876,12.144350,17.687028,20.157293,13.409392,13.892885,13.495215,-2.936704,-0.927661,-0.116654,-7.545250,1.293199,2.185143,-4.071304,-5.198811,-3.499858,-1.289984,0.111173,-0.177017,-0.215087,-1.066808,0.000000
9.866732,-28.724898,12.966943,13.087827,20.447692,13.151491,11.891603,10.860033,4.523435,6.552031,8.330422,-5.623276,0.742997,0.357342,-11.089183,2.523590,4.156073,-0.704302,-4.396080,-3.581373,-1.183305,-0.498574,-0.286600,-0.348253,-0.663486,0.000000
9.946322,-30.117932,9.396344,10.388517,24.033115,23.978654,16.850957,11.847544,3.232681,3.578324,6.389334,-9.789076,0.123862,-2.447815,-13.169053,4.046140,1.954657,-4.222658,-5.707950,-4.660184,-1.657930,-0.061154,-0.234120,-0.408558,-1.477011,0.000000
10.009528,-28.587090,11.086188,7.776946,20.480932,17.296308,7.142069,1.973784,-0.628051,3.115095,4.474572,-7.000672,-5.223439,-13.031283,-16.635848,-4.241032,-7.749163,-5.914755,-3.035368,-4.071080,-1.565566,0.014122,-0.413247,-0.074578,-0.900121,0.000000
10.112942,-30.006769,14.726510,15.937792,23.058095,16.244494,14.770076,4.468345,-0.297920,5.337124,8.644150,-2.341381,0.701188,-4.698951,-13.141590,-12.674429,-9.979392,-3.063752,-2.852159,-3.348036,-0.854770,0.365165,0.069944,-0.124106,-0.712775,0.000000
10.345856,-30.447408,17.632583,16.808186,18.900206,14.113271,19.061592,10.727985,2.121828,4.837337,9.440920,0.135386,4.474635,-0.462967,-11.970450,-12.912848,-7.307563,-4.095290,-4.535799,-0.549771,0.238526,0.108738,-0.030333,-0.204202,-0.802018,0.000000
10.443856,-32.132759,16.686514,14.796858,20.933434,14.938923,16.452771,13.290323,5.207002,4.534949,5.424432,0.778548,5.924638,-0.323805,-15.716242,-12.697750,-8.355461,-8.811445,-7.645927,-0.867574,-0.868014,0.449452,0.542117,-0.439027,-0.839145,0.000000
10.286881,-30.783131,13.964084,12.246646,21.443554,12.281197,13.396358,17.731605,11.302689,6.801075,7.523941,2.906076,6.157000,-1.872573,-11.616976,-0.420807,-1.378182,-6.275982,-4.853423,-0.607109,-1.384592,0.470503,0.682279,-0.344516,0.308744,0.000000
10.132281,-29.193877,15.985802,17.462656,27.034967,10.602519,11.954652,19.768878,15.220929,6.852002,10.610522,5.977401,5.597764,2.339541,1.051616,2.440826,-3.929711,-6.714346,-3.998431,-1.968551,-1.751868,-0.049312,0.366741,-0.357349,-0.293655,0.000000
10.099418,-30.932280,13.971481,18.465680,28.113022,16.170532,17.083142,19.157478,12.802753,7.782971,9.082871,1.877705,0.448861,-0.121979,4.865695,7.345321,-1.858138,-2.725680,-1.302158,1.280103,-0.651939,0.042321,0.096089,-0.013678,0.190059,0.000000
10.040292,-29.890196,12.767156,14.226556,22.768144,15.926388,13.295217,9.149374,6.060729,11.433259,13.211788,3.991799,1.237444,-1.815497,0.248140,8.581086,2.973722,-1.703209,-3.185004,0.114009,-2.206091,-0.716979,0.007129,0.002346,0.606698,0.000000
10.009744,-31.650824,8.945068,8.404242,20.711258,13.482917,18.404288,8.140975,3.559812,10.086482,13.525510,0.469313,0.229572,6.863404,4.665728,5.816385,4.737252,-2.423122,-2.720971,1.488028,-0.398154,0.043513,-0.240418,0.038133,1.516219,0.000000
10.118464,-31.454823,9.710709,9.846059,22.833534,15.752215,24.601205,20.174808,15.690057,19.290587,18.933067,-0.830956,0.959870,5.345735,4.168892,4.347614,2.853536,-4.336313,-4.905197,-0.820865,-0.736523,-0.280536,-0.729007,0.234988,1.982803,0.000000
10.096658,-30.881166,11.062583,12.581556,21.474188,14.586291,19.776406,17.558399,15.692662,20.600309,16.164676,0.811684,1.386381,-1.231559,-0.590452,5.213407,-0.375754,-4.505367,-3.890934,-1.028638,-0.215972,-0.670010,-0.721467,0.053932,0.882481,0.000000
10.057293,-31.365509,11.786070,15.605634,21.080221,15.134645,18.596474,15.280300,17.295654,15.447450,5.865927,1.071324,1.137427,0.027445,-2.932773,2.664818,-3.521670,-7.891284,-3.762858,-1.939547,-1.657554,-1.752682,-0.850303,-0.027821,-0.420352,0.000000
10.161039,-28.789855,14.775418,13.438929,19.673026,14.375416,16.637581,15.012496,12.791527,7.335652,0.010106,-5.052850,-4.320912,-3.093304,-6.348769,-1.118919,-2.662634,-5.223191,0.899520,-0.999728,-2.447100,-1.439497,-0.665565,0.203823,-0.283623,0.000000
10.103496,-28.404228,15.225295,10.687242,16.919580,11.667198,11.543246,15.630995,10.800206,4.433778,3.292881,-2.341944,-4.597870,-5.398095,-6.970145,-5.492525,-7.689276,-3.565911,1.237382,-1.294245,-1.530384,-0.723037,-0.545230,0.325251,-0.233773,0.000000
10.012029,-28.950212,14.520293,9.701956,18.530604,18.196841,18.348825,23.012506,15.829414,3.462359,2.083262,-0.538133,-4.575386,-9.739525,-7.070729,-3.653568,-4.886706,0.546357,1.408523,-2.694675,-2.171123,-1.017479,-0.887485,0.337524,0.027347,0.000000
10.031479,-29.163925,11.865323,4.931922,18.666739,19.892375,16.721821,14.692524,15.443398,8.416998,6.474347,2.295908,-0.193542,-5.554539,-9.548494,-7.232818,-11.644395,-5.874316,-2.064950,-1.714498,-0.298468,-0.017231,-0.429445,0.058626,-0.293028,0.000000
9.923296,-30.638303,8.430898,6.240728,22.008635,18.816976,14.420933,9.277885,12.792908,7.892108,6.549640,-0.350169,-1.750808,-2.905542,-6.569088,-4.448363,-6.322926,-2.406662,-0.911556,-0.062685,-0.267050,-0.594124,-0.428150,-0.048206,-0.548561,0.000000
9.812727,-29.766998,9.009786,8.802026,25.378542,15.891256,15.036203,17.547788,17.387250,13.995141,11.697395,-7.027902,-9.970749,-9.397933,-12.081820,-4.827400,-6.672258,-5.667114,-1.724355,-1.378807,-1.759238,-0.883588,-0.478205,-0.161198,-1.085391,0.000000
9.925341,-28.917531,11.043196,11.907732,27.435227,13.519894,11.303089,15.539924,14.570902,14.563370,11.769232,-5.943305,-10.008468,-7.311158,-8.511614,-0.754967,-3.536813,-5.707770,-2.973535,0.058308,0.819163,0.068176,-0.260523,-0.177019,-0.545840,0.000000
9.902429,-29.469660,11.380447,14.768985,30.317603,15.694528,10.984849,13.829858,11.922090,9.767439,6.768626,-0.511145,-0.888674,-2.934139,-1.805491,0.462806,0.132761,-4.833356,-5.344939,-1.987183,-0.266979,-0.175071,-0.563882,0.120836,1.089055,0.000000
9.973780,-30.597702,11.842905,15.473387,28.563378,17.433641,11.685284,23.258859,16.843864,1.372010,2.332187,-0.457961,1.769440,-0.145826,-2.140348,-5.126705,-4.740141,-4.944830,-3.747802,-2.023958,-1.915965,-1.140060,-0.705459,0.291480,1.096323,0.000000
10.099553,-29.762670,13.326470,15.202997,25.126150,19.862815,18.424633,22.805963,12.399019,-1.282627,2.190711,-0.357406,1.135893,-2.735733,-2.595063,-6.662931,-7.860608,-4.451639,-2.248135,-0.765013,-1.423016,-0.752939,-0.576421,0.081735,0.286060,0.000000
10.046572,-28.166692,13.850094,9.832614,19.665445,20.086735,25.470540,23.394806,14.078165,12.916791,8.910544,-5.415510,-5.744634,-7.585463,-5.920885,-11.838079,-10.501578,-1.775215,-0.180594,0.041847,-0.247526,0.607035,-0.415550,0.045203,-0.555867,0.000000
9.964993,-26.687948,13.045285,9.337676,22.318723,16.802784,20.096733,22.422335,12.684984,13.630105,13.950447,-3.964988,-2.527863,3.539325,0.637398,-6.563460,-3.647306,0.029412,1.349199,1.184068,-0.420322,0.267155,-0.031050,0.015569,-0.887223,0.000000
9.931747,-27.302509,13.182837,12.053166,21.022610,13.608001,19.776733,24.377502,12.272589,9.558217,15.690597,-6.868942,-6.178769,2.310621,-2.626290,-7.804960,-8.795895,-7.702411,-3.331062,-1.285452,-1.389542,-0.127022,0.138800,-0.100165,-0.956749,0.000000
9.963240,-27.423604,13.795191,13.586329,19.512837,13.418625,20.045248,22.108209,7.878541,0.118666,4.056182,-8.380046,-2.587701,1.112905,-1.532078,-4.625283,-5.261331,-0.725714,-1.987384,-1.590019,-1.220779,-0.422617,-0.305763,0.178399,0.059938,0.000000
10.021203,-28.886325,12.710723,12.261875,21.963372,17.399129,23.647543,27.288278,21.672628,7.885354,0.934345,-1.609250,-2.300701,-9.541739,-11.055652,-10.485455,-6.929669,1.760113,-0.727509,-0.778363,-0.320907,0.585423,0.065494,-0.009169,-0.345253,0.000000
10.038402,-29.600375,13.992608,13.884667,25.428622,19.146648,21.539094,19.893966,21.454296,9.748355,0.325141,0.275641,-4.381816,-12.690993,-12.705006,-9.633887,-10.491363,-2.070162,-1.261317,-1.314573,-2.010428,-0.824241,-0.138967,-0.106087,-0.736097,0.000000
10.181859,-28.880353,15.706204,13.877423,24.908172,18.277289,15.460065,7.743427,8.540060,8.264484,2.016082,-3.967505,-7.413188,-12.409592,-9.899483,-6.309102,-8.018931,-6.664126,-3.921640,-3.605362,-1.877600,-0.474431,-0.443591,-0.110999,-0.459364,0.000000
10.389484,-29.144869,16.846888,13.935616,23.759429,22.033495,17.962355,3.817025,3.710741,7.009605,2.644904,-1.992751,-2.683652,-8.751618,-14.245376,-9.731883,-6.017462,-4.097419,-3.778132,-2.875396,-1.083364,-0.291031,-0.381792,0.027599,-0.260800,0.000000
10.341593,-29.649306,15.717766,13.174715,22.321764,20.420442,18.950710,6.586315,9.023097,8.034713,3.939957,-2.204317,-6.703070,-16.157324,-23.769418,-17.378252,-8.446481,-2.367195,-2.879921,-0.681763,0.385856,0.730542,0.262419,0.151656,1.056216,0.000000
10.118620,-27.588428,14.818500,13.077462,24.811078,21.896686,19.089237,9.867672,9.049747,4.093682,4.915413,1.526736,-4.090430,-12.349021,-15.580797,-12.341461,-3.376631,0.156127,0.332577,0.424802,-1.196937,-0.382630,-0.102460,-0.027790,0.136707,0.000000
9.946198,-29.041097,12.378160,12.713958,25.414025,23.411771,26.316973,13.864537,5.962145,0.933808,6.741349,0.863186,-2.858222,-6.353752,-13.504126,-10.951568,-1.835657,-0.527179,0.779189,0.684338,-1.968018,-0.908547,-0.021919,-0.258112,-1.180977,0.000000
9.845930,-29.859932,10.515068,12.076736,22.978837,15.010695,18.107220,9.321164,4.588839,2.008515,7.207197,0.882138,5.907880,3.485294,-6.500381,-4.261661,1.717551,0.685616,0.902309,-0.600708,-2.130604,-0.431150,-0.202813,-0.083650,-0.458516,0.000000
9.948302,-30.846489,11.155120,12.334861,25.630608,20.265156,23.437600,19.903283,12.229432,1.151596,2.403415,5.805266,15.396668,10.275105,2.226723,4.137088,2.519500,3.844670,3.821101,1.132143,-0.305403,0.899213,0.194795,-0.252206,-0.615908,0.000000
9.983055,-29.124586,12.058516,10.986537,24.063632,22.448021,24.534419,17.704955,11.139132,3.509971,5.825951,5.056131,10.052496,8.085845,3.455830,-5.093685,-9.399189,-2.530316,0.450877,-0.211299,-0.523521,0.528339,0.518212,-0.345426,-0.286214,0.000000
9.735141,-30.184397,9.990589,8.708442,19.836853,17.496277,12.368126,5.259324,7.761542,2.993484,5.474139,0.303788,3.530605,6.935080,3.711667,-8.680290,-10.370460,-2.463191,0.683546,0.310697,1.219565,0.916292,0.388115,-0.104238,0.245390,0.000000
